100
0 140 222
1 208 441
2 404 260
3 247 8
4 328 321
5 154 455
6 121 105
7 386 68
8 171 437
9 376 387
10 148 416
11 116 297
12 217 123
13 132 340
14 433 321
15 270 269
16 251 33
17 406 119
18 362 352
19 202 331
20 274 194
21 1 133
22 212 60
23 495 325
24 466 76
25 200 468
26 419 44
27 310 394
28 268 272
29 474 390
30 333 283
31 393 228
32 447 313
33 216 373
34 317 147
35 384 28
36 120 306
37 181 0
38 267 338
39 41 340
40 377 27
41 216 130
42 344 91
43 415 253
44 110 189
45 137 393
46 486 202
47 344 6
48 2 271
49 38 60
50 322 450
51 173 431
52 7 59
53 39 133
54 9 166
55 353 372
56 169 358
57 471 426
58 253 456
59 446 62
60 348 345
61 263 402
62 16 223
63 389 28
64 331 350
65 66 453
66 493 141
67 80 184
68 139 310
69 435 472
70 9 458
71 79 209
72 151 57
73 141 379
74 486 443
75 96 82
76 250 279
77 178 234
78 465 57
79 112 381
80 476 379
81 342 481
82 19 210
83 406 360
84 485 163
85 133 223
86 360 283
87 214 212
88 26 84
89 168 156
90 418 70
91 62 445
92 245 460
93 399 250
94 479 101
95 238 87
96 496 170
97 219 491
98 25 143
99 273 368
