image ID: 0, neighbors:  527 8978 9380 30826 35598 37706 40940 42276 49736 57184 60291 61046 61093 61321 66050 69043 71904 72307 72603 80442 80638 82948 83336 84069 85210 87569 90224 90241 96390 98111 98367 527 4874 7023 9600 12760 16445 19377 20525 22493 28596 29090 33195 33502 35126 35598 36204 37586 39486 40092 41909 48635 49865 59102 61243 61470 62437 62905 64075 67074 68884 75796 78098 79835 80036 82830 83047 85682 94311 95600 96124
image ID: 1, neighbors:  5669 7177 9109 9649 11037 11220 12809 13255 17621 18284 24286 25409 27005 36471 36973 46605 56085 56789 56941 57221 62304 62615 70955 72095 78097 78746 82044 82936 83737 86087 88856 91462 92003 95110 98214 98412
image ID: 2, neighbors:  633 5132 8006 16599 17861 17997 22221 22351 35161 35487 37444 39044 41682 44681 46409 58055 61223 62277 63093 66523 73790 76486 81649 81726 82816 84866 87224
image ID: 3, neighbors:  6884 8400 8803 10838 13095 18535 20219 21523 24975 29499 29803 31989 36409 36743 37169 49647 52744 53275 53934 54164 59417 65373 70903 74299 84927 90301 91720 96638 2248 2758 4481 10387 11782 13095 18585 20992 23675 26422 33122 33275 33383 34193 45029 48001 50819 55812 61128 68562 72958 73441 75015 79581 85333 86704 90794 91048 93405
image ID: 4, neighbors:  1559 2334 4213 6091 12008 12486 15026 19735 21360 22499 23340 23868 24752 25605 27192 32183 33181 40063 42859 43391 43875 46530 48722 49419 51581 56421 57812 62935 66388 74687 75011 75564 83708 83954 85310 10377 17038 17608 20191 21780 23340 23748 32091 32219 38461 46530 47637 51204 53252 54732 55625 59083 59777 69234 72629 75564 77155 82580 83954 86691 86938 93299 98859
image ID: 5, neighbors:  1053 6561 8147 17336 18001 18822 20242 22619 24167 25688 31471 32316 32792 34856 36286 36336 38901 42412 46600 52739 53033 56032 57630 59623 66818 68408 70030 70193 70706 82855 83449 85260 87473 94828
image ID: 6, neighbors:  66 7005 13071 20671 21400 21908 28574 29539 30620 32104 40021 43410 48671 49218 53974 55628 58822 66005 78130 85400 85745 86225 86631 88144 92281 97251
image ID: 7, neighbors:  942 2691 3028 10716 19600 20490 21268 22008 22911 25602 27776 38657 41711 49025 52138 52947 54893 60709 60948 63337 65061 70420 71606 71740 77268 80642 81605 81966 82352 86153 87936 88509 88682 90568 96851
image ID: 8, neighbors:  1288 1925 2673 3332 3515 5268 5270 6731 7862 8536 9961 11371 12353 12618 12762 13140 13684 13777 16747 17018 18075 19089 20052 21015 24202 24558 25461 25816 29873 29919 30036 30815 33087 33566 33677 34452 35058 35811 37344 38765 39456 40509 40542 40899 41181 42627 42740 42816 44863 46756 54322 54494 55120 57159 57880 58172 58269 58290 58591 59340 60659 62579 63999 64153 64168 65452 66156 66320 69768 70029 70293 72987 73583 74912 75099 79026 82110 83140 83933 84988 87260 88358 89840 89853 90757 94059 94269 94315 94421 95021 95085 96921 97127 97456 97509 122 731 1457 2937 8040 8127 10677 11133 32382 35967 44955 45454 55120 58004 65344 68285 71434 74912 76738 80535 81065 84398 85221 98685 99586
image ID: 9, neighbors:  384 1188 3340 5034 11819 16394 17353 29183 30923 32928 33878 33946 40006 42778 49595 50439 50574 57794 57890 58949 59657 62366 67740 68366 69120 75751 76129 76684 79724 81389 82124 85262 93768
image ID: 10, neighbors:  61 7226 7582 11153 12057 18130 31319 32699 36777 36925 37540 39993 46348 48606 53517 58472 59240 59903 62321 66710 70046 78750 80097 82010 84603 84611 90496 92488 94799 96606 97455 61 1004 1109 8474 9047 9765 10686 11661 12647 18130 18770 28462 29266 30381 31319 33489 35113 36221 36383 38882 47866 50852 51138 53325 55577 55695 56831 57189 57428 66095 72109 75311 81455 82540 85633 93345 93431 93955
image ID: 11, neighbors:  3962 14446 15314 16028 19105 21418 27493 31729 33587 38632 38678 43408 54208 55118 55477 61210 62019 65201 66593 67173 71087 71973 76481 79970 80041 80048 80611 97822
image ID: 12, neighbors:  104 1061 1274 2890 3280 5810 8055 8331 12738 14308 24511 30220 32429 32570 33517 34311 36764 37645 40641 41920 47799 51686 55174 57290 65628 65724 67564 74032 74883 76624 79040 80287 80377 84217 91057 94723 98153 99780
image ID: 13, neighbors:  5716 13732 21765 23650 23768 26040 28415 33862 37719 44668 46556 49630 55123 55797 62296 62694 66900 71824 72362 74425 82301 82653 87121 88035 92623 98799 5819 15246 29837 31803 33211 37477 44668 46596 50469 55123 56121 62296 62683 67293 78514 80277 81394 82104 82653 87439 88035 88300 89176 92777 93747 94414 96387 96841 97294
image ID: 14, neighbors:  1058 1151 3083 3229 4859 7146 7321 7329 8222 8397 8423 10135 10204 12088 14642 15216 15379 15979 19047 20451 21238 22441 25404 25637 26346 26595 28045 29811 31387 32262 32526 32595 33049 35394 36937 39458 40334 43286 45213 47989 48221 48803 49791 50247 50642 51002 51034 51498 52203 53650 54315 54406 54835 55281 60179 63709 63770 64022 65997 67454 69794 70472 70519 70575 71124 72060 73375 74208 74282 75443 75899 76262 76996 77462 78570 79031 80508 80760 82973 83785 84581 84838 84851 85622 86344 86393 86590 87317 88966 92369 93426 94216 95388 96306 98135 99134 99576
image ID: 15, neighbors:  440 1582 2447 6018 6206 7973 10388 13953 17464 19012 23188 27060 30795 31603 36072 38634 40630 41886 42772 43558 46704 46809 47348 47709 49458 49765 49905 56732 59300 60140 64257 73007 73264 73645 76390 85900 89319 89807 91814 91866 95163 98577
image ID: 16, neighbors:  466 5512 5759 5924 17115 21919 27459 31688 33102 40105 44658 44783 50331 58695 59920 60146 61999 64131 66405 69124 72476 76616 77479 78399 80856 80859 81098 85512 88364 88601 90411 94933 95969
image ID: 17, neighbors:  446 591 1352 3711 4727 6501 6543 6607 6636 9077 10177 10655 11932 12655 12830 17023 17081 19349 19629 21058 22122 22233 23523 23559 26306 28745 30131 31945 34061 35109 35163 38074 38334 39989 40577 41536 41681 42255 43271 44214 45783 46262 48244 51802 52607 52642 53086 53458 53786 54152 54784 55930 57267 57281 58358 60478 60747 62212 63409 63550 65197 65434 65500 65900 66196 67738 67812 69598 70330 70782 70965 70969 71152 72374 74277 74530 74600 74909 76891 78373 78404 81022 82622 82999 84436 84765 85020 86256 88720 90439 90799 91062 91640 92803 95529 96977 99617 1636 2129 2436 3046 3414 6274 7148 10026 10357 15766 15776 17107 17389 17681 20412 20427 21149 21679 23522 26306 26753 28068 28351 29890 30626 31086 31372 32705 39673 40991 43644 44248 45858 45930 45981 46806 47324 47743 48280 48414 48534 49001 50946 51609 51846 53192 53457 53458 55691 56093 56175 57035 57162 57267 60836 63040 64596 64820 65197 67314 69013 69137 69964 70320 70969 71190 71429 71702 74460 74564 77032 77181 78094 78135 78892 79953 80892 82524 83006 83013 83646 83759 84279 86947 88777 88825 88921 89467 90887 93876 95131 97851 98164 99052 99994
image ID: 18, neighbors:  7156 9749 16483 20585 24018 25291 28551 33516 40905 42119 50109 59809 67615 69320 71432 71637 72521 79357 79426 79432 82638 83694 84091 85552 85902 93283 94088 94226 97957 1794 2529 7969 10883 13828 17636 21056 24579 24785 24920 26936 29978 30740 33761 49332 50617 50901 52056 53248 59809 64643 65627 65987 75787 79170 79432 84463 94560 95316 97688 99210
image ID: 19, neighbors:  462 2245 2465 2807 3564 4571 5062 5177 6471 7741 8307 9562 10461 12314 14657 14887 16756 16892 18333 20396 23996 24210 24674 25430 25970 26074 26187 28528 28969 29025 29178 29267 31060 33891 36045 37004 37359 37423 39893 40424 41109 41748 42115 42634 44594 46091 47315 48758 49426 49879 51078 51168 52978 53203 53824 55925 56076 60891 62063 62776 63723 65359 65955 66419 66700 69406 70216 73001 73842 74386 75166 75489 75826 76028 76580 76795 78598 81809 83445 85090 85728 86751 87446 88079 88217 89083 92025 92203 92251 92661 93021 94700 95051 95746 95908 96106 97695 99114 1706 6866 9436 14695 20024 21005 21146 21170 25970 34133 36543 36752 38430 39248 42932 43203 48542 49800 53142 54882 61453 62496 64227 64918 65445 66440 69922 70277 71072 72179 77792 78585 78822 80131 80965 83257 86520 86931 95051 97695
image ID: 20, neighbors:  4090 5207 12278 12628 19795 20218 20524 21790 26688 28747 28761 38096 39518 39975 41462 47392 47817 48503 55166 57785 58935 65541 66286 67570 75409 78274 80332 84277 90892 92801 96695
image ID: 21, neighbors:  956 1117 1271 2068 8769 8954 10637 22173 28684 29094 40186 42348 50460 50700 59282 63476 67642 71721 79159 81568 85664 86095 88833 89321 93190 98154 3429 7422 7514 7736 8769 16855 17254 19718 23066 27760 28525 29094 30243 30246 35167 35985 41622 42348 47243 48089 53859 55623 57634 59321 63647 64211 70808 73439 78485 78806 85664 87462 88510 89321 91635
image ID: 22, neighbors:  243 1954 3545 4244 5097 5630 7692 8493 12034 12157 16930 20253 21393 28426 39422 42881 46484 48490 61215 65897 68235 73975 82017 85721 90991 97565
image ID: 23, neighbors:  1399 6510 7896 9326 12487 17088 19905 21077 26559 28993 29018 29347 31880 34985 35992 36827 41340 42623 50403 51106 51578 54367 55702 56845 60570 62561 63015 65269 66960 69792 81062 82308 88395 90474 94641 99620
image ID: 24, neighbors:  3963 4270 10843 10982 12146 16187 20040 24129 26484 28240 29164 30234 30987 31068 31230 31308 33611 36723 36989 39190 40970 57801 59021 62238 68575 70233 71660 72208 72526 73251 74637 78972 84943 85251 86114 88669 90701 92437 96889 97683 98062
image ID: 25, neighbors:  963 1617 2305 4120 5002 5509 6185 9130 10320 10877 12212 14306 14415 15669 16083 16441 16686 17111 18098 18102 18428 18772 18940 21575 23035 24827 27011 28771 28943 30623 31297 33077 34926 35054 35624 35791 36818 38197 39428 40692 40726 43433 44503 44524 44811 45188 45572 46748 47483 48192 49917 50414 51311 53510 55915 56782 56791 62271 62736 63037 63423 64993 66241 66545 68906 69822 70037 70492 71878 72985 76640 77432 79561 83459 84369 84379 85389 85653 85955 87115 87904 90879 90904 91473 91617 91867 92887 93713 94449 97862 97905
image ID: 26, neighbors:  247 11515 12124 17260 17302 23937 27250 27660 29655 33917 39463 44926 45378 47821 50222 52002 52409 52897 53465 56140 57048 59832 60796 62734 66014 69644 76549 83878 84363 86189 90464 90671 90872 95203 96290
image ID: 27, neighbors:  23 691 1172 1397 5996 12273 15641 16315 22291 23709 28857 32022 35191 37532 38266 39946 44343 48412 51805 52031 52367 56390 57118 59847 72770 74836 78169 79271 80163 84580 87470 89250 89475 91050 98450
image ID: 28, neighbors:  440 1582 2447 6018 6206 7973 10388 13953 17464 19012 23188 27060 30795 31603 36072 38634 40630 41886 42772 43558 46704 46809 47348 47709 49458 49765 49905 56732 59300 60140 64257 73007 73264 73645 76390 85900 89319 89807 91814 91866 95163 98577
image ID: 29, neighbors:  2423 4624 7103 15487 16428 17284 17450 19727 23069 24840 26270 27479 32944 40193 40599 42798 46248 53132 53200 56348 56640 62378 65618 70977 73463 73563 75867 81796 84630 85172 85635 88398 93058 93758 95450 97656
image ID: 30, neighbors:  1370 1791 5017 5150 5804 6040 7834 8184 9984 10771 11246 13363 14133 14736 14737 15160 15434 15660 15828 19226 20464 20759 20868 21873 23238 23566 24950 25132 27311 27929 30419 30465 31077 31262 31539 32601 33448 34149 34214 34310 35048 35668 35968 38145 40304 40414 40704 43703 43766 45363 47161 47205 48078 48950 49519 49665 51447 51926 53141 53584 54546 54636 56321 58312 59076 59766 59820 60178 60281 61109 61124 64095 64428 70637 71137 73816 74205 75710 76873 80147 81498 81613 82402 82813 84297 84393 84431 88447 93301 93487 94081 95338 96766 96816 96837 97082 99560 99916
image ID: 31, neighbors:  1031 2610 3433 4347 4689 6403 11885 12083 15011 20906 24025 24619 26021 26132 27173 28413 29341 32956 36232 37745 41603 42710 45381 45497 47831 47937 49751 54349 54754 58807 62887 64315 65548 68841 83398 87976 89415 95023 95862 96697 96893 98854 99236
image ID: 32, neighbors:  3067 7635 10302 10343 19388 20221 22727 29082 34263 36206 37356 38530 38703 39902 40042 43934 46486 51101 51936 58770 62211 63639 65168 67013 69632 71537 80493 84389 89548 89751 95195 97904 99590 1111 2182 3067 3153 10343 13292 16467 28344 29082 30302 33883 40790 48297 53582 59103 63639 69094 69403 71422 73099 74197 75255 75504 75941 77007 78448 78897 83058 86070 91076 95093 95195 95453 98101 99590
image ID: 33, neighbors:  1084 1130 1859 1910 2689 4074 4279 6365 7395 9732 9871 11934 13179 13572 14848 14929 15048 16135 16360 20676 20817 22794 23899 25530 27444 27787 28748 30891 31940 34518 34768 35295 36009 36222 39226 39560 40676 40796 41916 43036 43348 44074 44171 46421 48689 48968 49885 50104 52151 53864 54722 54885 55294 56065 56424 56759 57790 57806 59466 59501 60363 60447 66000 67220 68540 70223 70843 70976 71284 72085 72205 73782 76227 77842 78532 79850 80479 80551 80839 81929 82805 82941 83003 83988 86252 87132 92018 95350 97473 97620
image ID: 34, neighbors:  692 693 2745 2809 3509 3616 4769 5412 6401 8229 8406 8504 9527 10887 11676 14235 18239 18892 18964 19238 19418 19495 19517 19623 20725 22629 24686 25026 25822 26045 26404 26560 27935 31216 33196 35183 35546 35948 36002 36522 36774 37154 37550 43362 43771 46689 46861 46914 47363 47489 47969 50006 50825 53561 54058 54233 57099 57154 57270 59948 60847 61271 62310 64343 64405 67653 67873 67884 69858 69867 70387 70667 70810 76990 77961 78673 81067 81204 82077 82419 84345 85331 87315 87965 88057 89102 89490 89731 92444 92546 92633 96190 96196 97689 98362 98555 99302 99713
image ID: 35, neighbors:  4033 5577 8705 11714 13910 15555 19601 19808 21291 26445 31449 39984 41238 42355 43454 44402 45338 50997 51191 53085 53497 57527 58994 61187 64637 66922 70495 73713 75119 76432 80826 83683 90745 91810 93825 93869 98512
image ID: 36, neighbors:  4636 7891 7895 8320 14296 14299 19783 23120 23622 23816 28085 29013 30562 32848 37150 46113 46669 52948 60252 61179 65450 66450 69778 70721 71817 72704 81226 93182 94522 95077 95630 96198 287 4636 5123 16666 18931 21458 23502 23816 27485 32848 34644 36342 36990 46130 46378 51271 57328 58332 63435 70274 70972 72704 73828 78168 81226 81406 84685 88143 90602 93087 94522 94644 95028
image ID: 37, neighbors:  7940 8158 12644 13533 14771 20192 21997 22073 22289 22806 25386 25841 28538 31066 35055 36109 36838 38997 39691 40626 46751 47042 50873 58108 58475 58756 64882 65826 66006 66580 66934 74854 79142 85781 90108 91041 94962 96497 98233
image ID: 38, neighbors:  14815 18537 21594 29908 38393 49240 62730 62985 66481 67946 69886 82683 83237 86382 88408 89364 90069 90740 91767 93833 94355 95268
image ID: 39, neighbors:  1867 3065 4013 8788 10228 12434 15548 15592 22186 22711 23620 26754 43535 48361 52994 63795 69827 81310 81510 82922 86026 87760 92569 95898 97343 99205
image ID: 40, neighbors:  4519 5577 11714 12764 13910 17379 18562 19907 21322 28180 30059 38676 42355 45338 49320 56910 57527 61187 62083 64718 67548 68637 70823 72455 74934 80411 83323 88768 91810 94453 95981 98512 99159 99707
image ID: 41, neighbors:  2239 7694 10621 13563 18233 24475 30290 30600 34847 37596 37609 39229 40239 41291 46247 46805 49590 54969 72139 73501 74032 81737 82239 82959 84217 90768 94457 98153 99151
image ID: 42, neighbors:  1023 2036 10840 13197 13658 15971 19062 22559 28599 43697 44094 45477 48532 56160 58376 62515 62860 65187 66080 69759 73339 74002 78615 79808 81095 93560 98662 99998
image ID: 43, neighbors:  1022 6420 10231 24471 33174 35241 41088 41581 42045 43381 44534 47027 47977 56058 60383 61588 64431 64475 67752 74377 74826 75853 79937 83651 84162 85169 87417 88989 90122 91483 93771
image ID: 44, neighbors:  1034 3647 4067 5203 7202 11434 11683 12279 17606 20447 22024 22113 32452 33443 33995 39848 42029 42420 42571 46606 48373 49867 50497 51119 52167 52925 53403 54391 63308 64688 66110 68078 70091 72991 76001 83145 84941 88871 91945 95014 97469
image ID: 45, neighbors:  695 852 2174 2950 5993 6220 7049 11201 12627 22354 24531 27168 28409 31251 34783 34995 35301 41184 41325 47994 53109 60029 60729 64609 67326 69575 69594 77417 83165 87411 89735 92735 98776
image ID: 46, neighbors:  2213 3822 5503 10577 15490 20318 23312 28129 34013 34885 48668 55269 55609 61770 68130 72191 72541 82745 89743 92145 94175 94409 94837 97006 97281
image ID: 47, neighbors:  3422 4597 5950 13786 13930 15282 23817 26473 30493 45623 47551 47861 51703 52132 55077 56996 57701 62129 63959 64766 65405 70484 74756 81718 89205 89707 99928
image ID: 48, neighbors:  5727 8516 14965 15623 17959 31463 36496 37363 37898 39706 46499 46939 53277 57719 58646 59858 68854 71194 73491 77723 79419 80978 81981 85410 89409 90073 92653 98549
image ID: 49, neighbors:  3196 3986 4718 4743 5167 5520 6549 7796 8359 8636 9662 9787 11520 14426 15190 16103 16609 18514 19154 20703 22472 24099 25388 25459 26035 26429 27617 30607 31454 31815 32176 32638 34635 35704 36877 38708 38798 39196 39713 40429 40573 42068 42165 44835 44864 50495 51026 54701 55154 55951 56512 57029 57554 59520 62631 63750 63797 64508 64719 64854 66272 67141 68266 68550 68946 68977 69473 72843 73291 74639 77138 77835 78423 78595 79076 80401 80590 80722 81048 82399 83199 83863 85236 85406 86669 86705 90555 91408 91495 94266 94309 94903 95804 95875 98227 98276 98747 99191 99329 99809
image ID: 50, neighbors:  638 907 8165 26015 27580 33337 38285 38412 39421 42198 49085 50960 58138 62407 64325 69400 72677 75669 76511 80570 84113 85068 87968 92164 95197 95396 98234
image ID: 51, neighbors:  122 731 1457 2937 8040 8127 10677 11133 32382 35967 44955 45454 55120 58004 65344 68285 71434 74912 76738 80535 81065 84398 85221 98685 99586 552 1457 1744 3613 7862 7926 10170 13140 16402 19528 20202 20982 21235 31150 32155 38502 38725 39456 40538 47378 49018 52701 52836 53774 56997 60623 62481 63999 65620 68031 69779 71434 73550 76632 80061 83713 89853 93834 94421 94727 97127 97929
image ID: 52, neighbors:  3305 4170 6260 6735 7491 8393 9788 10308 11407 12448 14402 17825 17888 17919 19594 21020 21155 21210 24914 24942 26153 26616 27944 28144 28189 29552 31431 32174 32750 33548 34499 35246 35393 36126 36309 37249 37278 38790 40074 40249 40938 42321 44322 47018 48075 48620 51020 51856 52737 54303 56255 56256 56889 57941 58093 59509 59725 59838 61753 62155 62925 63928 64278 65775 68091 70116 70509 71505 73771 75065 75423 75601 75621 76478 76963 77664 77862 79011 79749 80703 81697 83715 84009 86903 87564 87715 89191 89692 91274 91403 92182 93202 93260 96722 96956 97534 98055 98736 99363 99855
image ID: 53, neighbors:  5432 6428 8658 9726 11948 13142 13621 16074 17446 21852 37086 69387 74808 76307 82096 84289 86836 89486 91993 94864 94949 95348 96244 99026 3267 9476 10054 12219 12376 18229 20545 21074 24159 26523 28222 28340 47564 48797 50910 52186 53416 59373 60830 71952 73044 78825 80315 82266 84034 85663 89989
image ID: 54, neighbors:  7836 9783 10600 12836 15610 16127 23360 26937 27601 28805 29557 34574 34900 39167 39575 43622 43979 45791 52471 54872 63514 66670 69995 73390 74584 75116 79008 82420 88286 90752
image ID: 55, neighbors:  3660 8241 9591 10900 12223 16528 16579 21693 24409 28777 29534 30750 31349 33083 37836 47628 48645 53093 54410 64387 65379 69740 70744 74492 75200 75402 77573 77844 83946 84021 87180 88071 93360 94308 95550 95946
image ID: 56, neighbors:  1155 3445 4164 4546 5492 8366 10326 13154 14566 15142 18073 23630 27460 33679 42762 44006 44120 44851 51814 51981 53175 53296 58097 61640 65811 69767 71910 73070 77553 78644 81397 83001 84880 85249 87594 91773 96771 97559
image ID: 57, neighbors:  4437 6461 8039 8386 11135 11778 11984 13155 13260 13342 14181 14812 14852 16860 17045 19395 19801 20647 20881 21362 22508 25087 27887 28635 29381 29865 30545 31704 33348 34383 35777 36240 37912 41320 41438 42678 43028 45009 46772 48971 48985 50265 50688 51180 51534 53286 54725 57491 57665 59236 59649 59736 60089 64032 64364 64803 65976 67005 67204 67588 70790 72545 73170 73912 74202 74815 75493 76349 76586 77428 79616 80127 80139 80143 81501 82690 82871 83032 85186 86668 86710 87369 87582 88573 89311 89380 93868 95238 95963 96879 97315 97525 97830 97874 98141 99183 99312 99804
image ID: 58, neighbors:  5267 6914 11141 13648 14002 20645 21263 23024 30766 37831 39459 41992 44821 45166 45908 50025 50322 52733 55052 58159 59651 63406 66485 66571 66692 69296 71755 72960 79174 79394 82302 84202 89133 93074 95531 97066 97302
image ID: 59, neighbors:  12370 17127 21799 23309 23837 25962 27441 28640 30293 30540 31165 34141 34482 35459 37084 42657 43136 44386 50008 52352 53470 54416 54521 60392 68782 82293 83625 83821 89071 90390 92637 99691
image ID: 60, neighbors:  6143 7232 7628 8071 10069 15631 17222 17329 17738 19890 24125 25957 30235 35081 35145 36976 38976 39478 41209 42529 43681 44135 45373 49763 50069 52467 57871 58936 65626 71411 72984 78196 80731 85759 88032
image ID: 61, neighbors:  6245 8864 9852 17286 18304 18471 24728 25017 29252 34086 34388 34486 34650 38025 38376 45541 49089 51071 54432 57661 59033 63730 64699 67886 72080 73175 74003 78455 80063 82153 82998 90231 90270 93259 97996
image ID: 62, neighbors:  2648 9588 11966 13715 17230 19314 20008 31355 33987 38917 39899 42037 50211 55047 56593 64312 65116 78184 78594 80786 80833 82678 86073 86093 87799 98876 99593
image ID: 63, neighbors:  4033 5577 8705 11714 13910 15555 19601 19808 21291 26445 31449 39984 41238 42355 43454 44402 45338 50997 51191 53085 53497 57527 58994 61187 64637 66922 70495 73713 75119 76432 80826 83683 90745 91810 93825 93869 98512
image ID: 64, neighbors:  1342 1771 3087 4601 6783 7244 7968 8628 9696 11901 12280 12438 20306 22248 24459 28948 31459 32656 37905 39040 40107 44308 46699 49204 50912 50992 61877 62052 64114 68740 73653 74254 75582 76505 76686 77241 77264 79700 86003 88694 92550 94307 95407 95493 96425 99024
image ID: 65, neighbors:  733 15445 17513 19044 22044 22964 23345 23405 25705 35735 37811 39852 40561 40635 40681 42398 45435 45893 49891 51646 54339 54593 57128 59415 63756 68327 68421 70923 71135 72473 81141 86429 88437 90133 90658 91864 93929 99794
image ID: 66, neighbors:  843 1561 6702 8691 12664 27109 27468 29964 33277 38672 40163 41439 47660 48825 52363 57677 60358 65615 67840 71250 71543 75016 80918 82121 83330 83767 88719 91006 92448 96907 843 6627 7469 13893 22170 27931 29163 31681 33804 36333 39660 40956 46711 48175 49606 50674 52231 59015 75825 79498 80738 82458 88719 90665 91006 93479 95724
image ID: 67, neighbors:  1857 7672 9179 10612 14107 19348 20193 21639 23205 25222 26804 33000 38613 39181 41623 46962 47511 50641 60543 62486 63560 63815 64895 71408 72122 76292 78039 79620 80883 80921 81403 81871 82701 84057 85190 87974 95248 96814
image ID: 68, neighbors:  3927 14439 15427 15699 17282 26328 31737 35874 37641 42655 46547 47619 51279 51700 57825 67537 67860 71587 80270 82311 84169 86760 88389 89238 92107
image ID: 69, neighbors:  2992 3764 5983 9037 13468 15478 19784 20624 27536 29148 29263 31813 37289 40188 40978 41897 43565 44509 55579 56812 62131 66188 67819 71487 72673 72809 77466 77502 84103 87607 88266 89172 91265 91565 97077
image ID: 70, neighbors:  2699 2917 5490 9336 12420 15628 20753 27835 28151 39539 41245 42143 42179 47358 48787 50438 56646 57809 60575 61214 62643 64712 64736 67031 70908 73870 82807 87811 90998 91020 91503 91678 96100 96773 97031
image ID: 71, neighbors:  2765 6727 8093 18616 19645 20362 21299 21740 22644 23092 25982 27093 31840 34216 38177 39179 45774 50470 57068 58998 67143 67436 72697 74897 76289 87286 88132 89546 90090 90532 90844 91980 93148 93623
image ID: 72, neighbors:  4807 4838 7010 12329 24036 24203 30410 30973 31044 33330 35280 38682 40345 41926 43346 44531 44911 51714 56187 57652 66350 68279 81738 88933 94238 99013
image ID: 73, neighbors:  3278 5501 5612 6732 7391 8062 10473 12660 13459 16026 16078 18499 32389 38607 41490 42812 44017 44502 46142 52725 53540 55304 59629 68141 70577 70702 72036 72700 75640 79733 80132 80248 93379 96777 97244
image ID: 74, neighbors:  237 2193 7855 8855 14049 14290 15357 20964 26228 26974 30327 38796 45158 49242 49292 50125 51389 61566 65820 65992 66753 67055 68119 70874 72296 75606 77794 78057 84738 87816 91078 92724 92990 96862
image ID: 75, neighbors:  3015 6596 10575 14665 22494 30057 31830 40955 41262 43202 44574 52727 55355 57685 60255 60564 60673 63148 66246 67773 67845 69920 70363 73471 78128 78436 79567 80511 85655 87605 88594 89185 91564 92914 94418 96731 96778 99573
image ID: 76, neighbors:  217 1095 1215 2515 3839 4494 6539 6969 9431 10248 12548 13410 13467 15815 16040 16343 16720 17057 17889 22921 23426 23992 25788 26843 27189 27436 28905 28974 29114 29296 29619 30350 31560 33292 34110 34654 34678 35084 35605 36361 36599 36863 36898 37526 39295 40696 41577 42310 43184 43218 44453 45609 46827 49099 50539 50887 50916 51391 52929 53495 55650 56891 61094 61613 61907 62017 62322 63998 64400 66422 67261 67935 71444 71492 72023 72627 73041 73422 77995 80034 80476 82251 84471 85094 86147 87011 87426 87542 88417 89623 90013 94170 95430 95458 98351 98838 99618 3238 4451 5284 8330 8337 11829 39584 41798 41883 44642 44696 53759 64741 66597 67261 72785 73673 74914 75124 80034 80471 82592 82898 89749 90013 91256 91345 91492 97584 99847
image ID: 77, neighbors:  1539 7022 8096 11497 20980 21154 23998 24596 26425 29861 30700 31869 38741 44673 45100 45631 48383 48404 50711 56738 60701 65748 67451 72583 81836 83179 86127 87688 88270 92703 97398
image ID: 78, neighbors:  3664 3696 7071 10692 11852 15146 15240 17289 17615 24166 25138 27562 27918 28036 29500 35776 44266 48567 52578 59666 66821 66825 69452 71312 72529 80145 81513 83276 85896 92377 94331 94880 96633 99571
image ID: 79, neighbors:  655 1116 1396 4329 7045 7955 8740 11308 11414 11482 13801 13945 15513 19507 20415 20601 20627 26905 27147 28300 29200 29717 29825 31336 33385 33480 35259 36267 36661 38131 40544 40714 41034 41609 43268 44148 44356 44595 45119 45997 46028 46534 46598 49900 51096 52711 54467 54642 54657 56626 56830 58131 58353 61054 62586 63766 64340 64534 64821 68286 68590 69086 69331 70609 70668 70739 71216 72801 73118 73660 74446 75393 76308 79519 79538 79775 82119 82799 84658 87987 88260 88467 89964 92073 93777 94475 95860 97346 98994 99756
image ID: 80, neighbors:  4185 4524 7781 10576 12497 15252 24840 26122 26125 28009 34895 35589 41234 52671 52809 58490 64413 65323 72237 72243 76591 81959 82089 85860 88161 92674 97567 99314 4524 7778 10576 15878 19094 22381 25236 25237 26222 27216 28695 32919 34557 36301 40409 40837 42826 47953 48296 50906 52381 52809 58490 60618 68015 74122 76690 77956 81136 81416 86366 86846 92379 95318 96664
image ID: 81, neighbors:  5852 8999 9272 11899 12992 18023 19531 21011 31443 32904 42380 44089 47563 47920 48125 48663 49973 57569 62604 65810 67321 69110 69540 71658 75655 76033 77816 81849 84206 85733 85801 87949 93016 96723
image ID: 82, neighbors:  800 2598 4050 6851 14803 26554 26854 31644 38758 39312 39582 41362 46899 48821 51876 52032 53609 55087 55945 59207 67462 67471 67554 74325 74483 80484 84555 88996 89757 91311 94083 98051 98983
image ID: 83, neighbors:  146 986 5245 6908 8663 9458 12873 16081 22842 23022 24416 30635 31790 33038 33750 45859 49147 51393 52292 55448 56548 56586 56958 59402 60234 61069 68470 70527 75389 77637 89851 90351 90954 98987 4503 11041 15262 16081 23484 26066 33038 35765 39912 49368 52292 53371 56695 61069 62830 65039 69389 73969 75389 77364 78900 81112 95949 95987 636 2240 4745 7509 13756 20514 22842 23215 25244 28030 30484 30900 39675 40901 41278 44793 45835 46325 47537 48068 49144 53255 53608 53747 54783 65236 66487 66816 74358 74478 76918 80154 90323 92197 92516 93445 95243 5904 7246 7320 13756 20110 21761 23484 26770 30259 34568 42009 44793 48713 53283 63537 66816 68157 68207 71628 71734 74353 74478 80138 81112 83925 88168 90623 91588 95697 97327
image ID: 84, neighbors:  8668 11049 11989 15199 15955 16606 17298 17862 18260 18673 23721 24764 27494 34679 42330 49810 51120 55788 57735 59223 63961 65307 66185 73306 73930 76601 79765 82789 85080 91574 93055 94886 97344
image ID: 85, neighbors:  527 8978 9380 30826 35598 37706 40940 42276 49736 57184 60291 61046 61093 61321 66050 69043 71904 72307 72603 80442 80638 82948 83336 84069 85210 87569 90224 90241 96390 98111 98367
image ID: 86, neighbors:  1160 2115 4225 4757 7139 9353 9745 10961 15471 16370 17150 30127 32622 34335 35736 38650 39836 42505 43914 44446 55610 58114 60305 65183 65594 74828 78792 78912 79935 83070 88925 90131 91689 92368 93396 94461 98493 99840
image ID: 87, neighbors:  1306 1893 4103 10433 12106 12632 16189 19015 19174 19690 21851 24864 26169 27967 28323 32035 32924 33633 34971 45284 51793 53618 59750 61900 69226 69725 72868 82152 83547 84689 84892 88271 2526 4648 5809 13601 19604 19690 20699 23528 29846 30707 33633 46558 48960 51974 51998 56056 58092 66076 69249 69714 72804 72868 73654 75748 75845 79062 82152 83742 84689 89230 92634 93164 93327 99689 99802
image ID: 88, neighbors:  1588 3724 5903 7551 9390 13203 19871 21266 22433 24469 24687 27333 28427 29593 35454 40229 41551 42783 42961 44222 47025 50553 58272 60112 62885 72695 86605 90412 90597 97644 99146
image ID: 89, neighbors:  3520 4488 9069 11965 19576 21503 21769 21945 37741 40900 43966 44660 45112 46009 48523 50847 50914 51667 52340 60923 62262 63175 64301 64303 69707 80261 84669 86544 87644 92048 98016
image ID: 90, neighbors:  677 1660 1780 1782 2022 4534 4910 6332 6758 7152 8079 8678 9892 10332 10419 12502 13210 14313 16593 17330 18402 19762 19829 20149 22804 23013 23202 24737 26629 27112 27659 27831 31591 31944 33935 34505 35185 35586 36604 36629 39245 40094 43227 43378 43730 44283 45390 45526 46072 47045 47450 47943 48025 49449 49497 51595 53210 54215 54241 55787 55895 55977 56102 57793 57938 61459 62518 64243 66560 68112 69994 70446 71927 73106 73430 74103 74578 76409 76428 76893 78012 78164 79317 80245 81155 83080 85481 87852 88676 90414 94136 94327 96060 96782 96910 99929
image ID: 91, neighbors:  1280 2051 2348 8683 9760 10679 11653 12095 16047 18381 27061 27880 34132 34865 35466 35718 38478 40534 41769 45608 50569 54627 54694 56029 56468 59782 59784 62375 66400 69988 73187 78679 94606 98846 1057 1280 5400 8842 19242 25756 29896 40534 40635 52761 54593 59268 59782 72796 80853 81141 88906 98282 99794
image ID: 92, neighbors:  4008 5267 7380 8251 12464 14003 17144 21167 23024 25344 27316 28696 31628 35166 36744 39459 45725 45903 49451 50322 50384 54392 58152 58159 66751 67433 72185 77986 80382 82302 83214 92212 95889 97066 98078
image ID: 93, neighbors:  3504 3667 7072 9625 13389 16599 23057 26680 30223 33619 35487 35995 37270 41580 45061 47644 52164 52383 55022 56783 57635 58377 64128 66610 77761 79325 81649 81726 82816 86786 88022 88597 91261 91769 93319 3504 9761 14494 14758 29118 32586 33328 33911 40551 42691 44245 46599 52958 56062 56783 59155 60161 64196 64986 65456 67957 79325 81874 82316 84320 86786 97954 98191
image ID: 94, neighbors:  600 6945 7738 9912 10077 11777 15893 16811 16986 17521 18800 21842 22951 30485 40002 43529 45032 50613 60047 61466 68852 72366 73167 73734 76552 80958 81494 81923 85219 85646
image ID: 95, neighbors:  1220 1515 3438 4967 5043 5995 6433 7133 7197 10707 12322 13167 13818 17809 18132 18212 19500 20129 22236 23753 23940 23987 24581 24702 27942 28610 28620 30910 31407 32110 32905 33950 35355 35377 35787 38198 38863 39733 40072 42457 45723 46068 47175 47467 53209 53964 54365 57355 58301 58543 59768 63597 64675 65030 65288 65476 66065 69743 72525 74527 74731 74984 75029 76565 77394 78299 78699 78992 81920 84545 84707 86380 87529 88499 88994 90113 90141 90965 92450 93179 93470 93734 94688 96601 97188 98172 98681 99543 99605 99985
image ID: 96, neighbors:  1816 3803 12293 12568 13474 15559 23256 32882 34410 35068 35826 39032 43554 46526 50138 56553 60132 69262 72224 74143 76014 82661 84452 87880 88051 90062 90761 93666 96479 97101
image ID: 97, neighbors:  4135 4658 10579 13403 14383 16952 17349 18342 19118 23793 26167 29380 29474 32073 36138 38857 41074 44025 47924 48421 49605 51769 56842 58959 59271 60972 65251 68481 75177 76476 77881 81767 88942 90544 91823 93757 98144
image ID: 98, neighbors:  3374 3925 7058 11993 12380 13710 18450 24121 26472 27101 29201 31084 33998 37726 40013 47003 53334 55157 55251 57838 60846 61788 63433 66581 68547 71894 72774 73587 74000 75684 76532 76724 78893 83025 89299 97283 97721
image ID: 99, neighbors:  862 2892 6590 11875 16460 24220 24757 26495 26637 29467 43134 44250 46521 47638 50014 50676 51458 54016 56742 75816 84610 88313 91098 2500 3725 12581 20690 26777 28868 33270 37537 43632 56420 57689 59399 60088 60225 65078 72768 72910 80789 83283 84610 87023 88629 94529 98706 99233 71 1428 11381 12662 12920 14579 14960 15743 15914 20048 21344 22624 26264 26495 26637 28400 29822 30481 32970 33068 36436 49903 71549 75280 79066 80598 83963 89144 89447 90458 91610 93457 93866 99814 4462 4688 5634 7808 7941 12904 18947 20694 24787 25216 33369 33999 35646 38246 45624 54621 64125 76972 77605 77756 80914 83607 86971 87023 88496 88629 91122 92551 93132 94529
